3017p439_ac51-046039 301.5643825 44.4568558 1  0  0h00     04577b053 55330.96763960 10.382    0.022        1.882e+00  10.358    0.024        1.670e+00  10.532    0.257        7.400e-01  7.758     null         1.032e+00  1.0     101     0000        0.072539 321.670919 
 3017p439_ac51-046039 301.5643825 44.4568558 1  0  0h00     04592a027 55331.43063980 10.399    0.026        1.784e+00  10.427    0.022        1.172e+00  10.447    0.257        7.510e-01  7.955     null         1.032e+00  1.0     53      0000        0.072539 321.670919 
 3017p439_ac51-046039 301.5643825 44.4568558 1  0  0h00     04545b053 55329.90920710 10.437    0.027        1.741e+00  10.462    0.025        1.216e+00  10.827    0.424        7.620e-01  8.013     null         1.035e+00  1.0     115     0000        0.072539 321.670919 
 3017p439_ac51-046039 301.5643825 44.4568558 1  0  0h00     04565b053 55330.57072760 10.423    0.026        1.729e+00  10.421    0.028        1.183e+00  null      null         null       null      null         null       1.0     71      0000        0.072539 321.670919 
 3017p439_ac51-046039 301.5643825 44.4568558 1  0  0h00     04568a027 55330.63681590 10.393    0.024        1.814e+00  10.415    0.023        1.200e+00  10.512    0.259        7.420e-01  7.850     null         1.346e+00  1.0     85      0000        0.072539 321.670919 
 3017p439_ac51-046039 301.5643825 44.4568558 1  0  0h00     10001a224 55510.33675820 10.402    0.024        1.771e+00  10.439    0.023        1.166e+00  null      null         null       null      null         null       1.0     123     0000        0.072539 321.670919 
 3017p439_ac51-046039 301.5643825 44.4568558 1  0  0h00     10009a225 55510.60136630 10.416    0.025        1.735e+00  10.424    0.023        1.177e+00  null      null         null       null      null         null       0.5     73      0000        0.072539 321.670919 
 3017p439_ac51-046039 301.5643825 44.4568558 1  0  0h00     09958a248 55508.94801100 10.411    0.023        1.744e+00  10.505    0.026        1.506e+00  null      null         null       null      null         null       1.0     58      0000        0.072539 321.670919 
 3017p439_ac51-046039 301.5643825 44.4568558 1  0  0h00     09966a248 55509.21249180 10.441    0.029        1.747e+00  10.475    0.025        1.275e+00  null      null         null       null      null         null       1.0     112     0000        0.072539 321.670919 
 3017p439_ac51-046039 301.5643825 44.4568558 1  0  0h00     09982a248 55509.74158080 10.388    0.022        1.841e+00  10.424    0.024        1.176e+00  null      null         null       null      null         null       1.0     53      0000        0.072539 321.670919 
 3017p439_ac51-046039 301.5643825 44.4568558 1  0  0h00     09985a225 55509.80779660 10.446    0.025        1.763e+00  10.413    0.021        1.207e+00  null      null         null       null      null         null       1.0     51      0000        0.072539 321.670919 
 3017p439_ac51-046039 301.5643825 44.4568558 1  0  0h00     04588a027 55331.29833590 10.396    0.026        1.796e+00  10.352    0.023        1.762e+00  10.395    0.223        7.630e-01  7.292     null         1.153e+00  1.0     53      0000        0.072539 321.670919 
 3017p439_ac51-046039 301.5643825 44.4568558 1  0  0h00     04589b053 55331.36455150 10.497    0.026        2.108e+00  10.452    0.026        1.184e+00  10.540    0.215        7.400e-01  7.697     null         1.035e+00  1.0     51      0000        0.072539 321.670919 
 3017p439_ac51-046039 301.5643825 44.4568558 1  0  0h00     04561b053 55330.43842360 10.435    0.026        1.737e+00  10.372    0.026        1.503e+00  10.619    0.302        7.390e-01  7.424     null         1.105e+00  1.0     53      0000        0.072539 321.670919 
 3017p439_ac51-046039 301.5643825 44.4568558 1  0  0h00     04564a027 55330.50451190 10.443    0.023        1.754e+00  10.410    0.023        1.221e+00  10.413    0.298        7.580e-01  7.443     null         1.050e+00  1.0     61      0000        0.072539 321.670919 
 3017p439_ac51-046039 301.5643825 44.4568558 1  0  0h00     09997a225 55510.20458140 10.428    0.023        1.729e+00  10.415    0.021        1.200e+00  null      null         null       null      null         null       1.0     110     0000        0.072539 321.670919 
 3017p439_ac51-046039 301.5643825 44.4568558 1  0  0h00     09994a248 55510.13836570 10.414    0.022        1.739e+00  10.450    0.025        1.181e+00  null      null         null       null      null         null       1.0     94      0000        0.072539 321.670919 
 3017p439_ac51-046039 301.5643825 44.4568558 1  0  0h00     04600a027 55331.69524780 10.399    0.028        1.786e+00  10.405    0.024        1.242e+00  11.108    0.453        8.290e-01  7.233     null         1.180e+00  1.0     98      0000        0.072539 321.670919 
 3017p439_ac51-046039 301.5643825 44.4568558 1  0  0h00     04604a027 55331.82755190 10.442    0.023        1.752e+00  10.428    0.023        1.170e+00  10.571    0.275        7.380e-01  7.988     null         1.333e+00  1.0     130     0000        0.072539 321.670919 
 3017p439_ac51-046039 301.5643825 44.4568558 1  0  0h00     09978a249 55509.60940410 10.417    0.026        1.734e+00  10.439    0.029        1.166e+00  null      null         null       null      null         null       1.0     72      0000        0.072539 321.670919 
 3017p439_ac51-046039 301.5643825 44.4568558 1  0  0h00     09981a225 55509.67549240 10.413    0.022        1.740e+00  10.536    0.028        1.861e+00  null      null         null       null      null         null       1.0     63      0000        0.072539 321.670919 
 3017p439_ac51-046039 301.5643825 44.4568558 1  0  0h00     09998a248 55510.27066980 10.424    0.020        1.729e+00  10.454    0.022        1.189e+00  null      null         null       null      null         null       1.0     127     0000        0.072539 321.670919 
 3017p439_ac51-046039 301.5643825 44.4568558 1  0  0h00     04584a027 55331.16603190 10.400    0.023        1.778e+00  10.408    0.022        1.229e+00  10.369    0.267        7.700e-01  7.994     null         1.069e+00  1.0     70      0000        0.072539 321.670919 
 3017p439_ac51-046039 301.5643825 44.4568558 1  0  0h00     04585b053 55331.23224760 10.418    0.029        1.733e+00  10.413    0.032        1.207e+00  10.598    0.322        7.380e-01  7.806     null         1.033e+00  1.0     61      0000        0.072539 321.670919 
 3017p439_ac51-046039 301.5643825 44.4568558 1  0  0h00     04557b053 55330.30611960 10.403    0.020        1.769e+00  10.435    0.026        1.165e+00  10.525    0.338        7.410e-01  7.435     null         1.096e+00  1.0     52      0000        0.072539 321.670919 
 3017p439_ac51-046039 301.5643825 44.4568558 1  0  0h00     04560a027 55330.37220790 10.442    0.031        1.750e+00  10.444    0.026        1.170e+00  10.618    0.269        7.380e-01  7.519     null         1.060e+00  1.0     52      0000        0.072539 321.670919 
 3017p439_ac51-046039 301.5643825 44.4568558 1  0  0h00     04573b053 55330.83533560 10.406    0.023        1.757e+00  10.445    0.025        1.171e+00  10.377    0.241        7.680e-01  7.809     null         1.032e+00  1.0     132     0000        0.072539 321.670919 
 3017p439_ac51-046039 301.5643825 44.4568558 1  0  0h00     04580a027 55331.03372790 10.437    0.023        1.741e+00  10.437    0.022        1.165e+00  10.826    0.355        7.620e-01  7.407     null         1.112e+00  1.0     88      0000        0.072539 321.670919 
 3017p439_ac51-046039 301.5643825 44.4568558 1  0  0h00     10121a229 55514.30486880 10.418    0.025        1.733e+00  10.506    0.025        1.517e+00  null      null         null       null      null         null       1.0     131     0000        0.072539 321.670919 
 3017p439_ac51-046039 301.5643825 44.4568558 1  0  0h00     04596a027 55331.56294380 10.386    0.026        1.855e+00  10.431    0.024        1.167e+00  null      null         null       null      null         null       1.0     70      0000        0.072539 321.670919 
 3017p439_ac51-046039 301.5643825 44.4568558 1  0  0h00     09977a224 55509.54318840 10.427    0.023        1.729e+00  10.475    0.025        1.275e+00  null      null         null       null      null         null       1.0     79      0000        0.072539 321.670919 
 3017p439_ac51-046039 301.5643825 44.4568558 1  0  0h00     09978a248 55509.60927670 10.483    0.028        1.979e+00  10.409    0.024        1.222e+00  null      null         null       null      null         null       1.0     71      0000        0.072539 321.670919 
 3017p439_ac51-046039 301.5643825 44.4568558 1  0  0h00     09990a249 55510.00618900 10.411    0.030        1.744e+00  10.439    0.026        1.166e+00  null      null         null       null      null         null       1.0     67      0000        0.072539 321.670919 
 3017p439_ac51-046039 301.5643825 44.4568558 1  0  0h00     09993a224 55510.07227740 10.567    0.024        3.122e+00  10.412    0.027        1.210e+00  null      null         null       null      null         null       1.0     80      0000        0.072539 321.670919 
 3017p439_ac51-046039 301.5643825 44.4568558 1  0  0h00     04576a027 55330.90142400 10.411    0.026        1.744e+00  10.437    0.025        1.165e+00  11.027    0.475        8.070e-01  8.007     null         1.037e+00  1.0     117     0000        0.072539 321.670919 
 3017p439_ac51-046039 301.5643825 44.4568558 1  0  0h00     04581b053 55331.09994360 10.389    0.022        1.834e+00  10.406    0.025        1.237e+00  10.224    0.173        8.400e-01  7.907     null         1.031e+00  1.0     77      0000        0.072539 321.670919 
 3017p439_ac51-046039 301.5643825 44.4568558 1  0  0h00     04549b053 55330.04151110 10.392    0.025        1.816e+00  10.462    0.024        1.215e+00  10.753    0.298        7.500e-01  8.000     null         1.086e+00  1.0     86      0000        0.072539 321.670919 
 3017p439_ac51-046039 301.5643825 44.4568558 1  0  0h00     04553b053 55330.17381510 10.425    0.026        1.729e+00  10.417    0.024        1.194e+00  10.538    0.225        7.400e-01  7.761     null         1.036e+00  1.0     69      0000        0.072539 321.670919 
 3017p439_ac51-046039 301.5643825 44.4568558 1  0  0h00     04569b053 55330.70303160 10.413    0.024        1.740e+00  10.480    0.027        1.310e+00  10.334    null         8.530e-01  7.893     null         1.130e+00  1.0     100     0000        0.072539 321.670919 
 3017p439_ac51-046039 301.5643825 44.4568558 1  0  0h00     04572a027 55330.76911990 10.415    0.024        1.736e+00  10.402    0.022        1.261e+00  10.965    0.375        7.920e-01  8.003     null         1.048e+00  1.0     116     0000        0.072539 321.670919 
 3017p439_ac51-046039 301.5643825 44.4568558 1  0  0h00     10013a225 55510.73367040 10.415    0.023        1.737e+00  10.429    0.027        1.169e+00  null      null         null       null      null         null       1.0     55      0000        0.072539 321.670919 
 3017p439_ac51-046039 301.5643825 44.4568558 1  0  0h00     10118a252 55514.23865300 10.430    0.029        1.731e+00  10.467    0.025        1.238e+00  null      null         null       null      null         null       1.0     119     0000        0.072539 321.670919 
 3017p439_ac51-046039 301.5643825 44.4568558 1  0  0h00     09970a248 55509.34479590 10.533    0.025        2.557e+00  10.493    0.025        1.400e+00  null      null         null       null      null         null       1.0     121     0000        0.072539 321.670919 
 3017p439_ac51-046039 301.5643825 44.4568558 1  0  0h00     09974b249 55509.47710000 10.453    0.029        1.787e+00  10.449    0.023        1.178e+00  null      null         null       null      null         null       1.0     90      0000        0.072539 321.670919 
 3017p439_ac51-046039 301.5643825 44.4568558 1  0  0h00     09986a248 55509.87388490 10.420    0.024        1.731e+00  10.430    0.027        1.168e+00  null      null         null       null      null         null       1.0     52      0000        0.072539 321.670919 
 3017p439_ac51-046039 301.5643825 44.4568558 1  0  0h00     09989a224 55509.93997330 10.411    0.021        1.744e+00  10.481    0.030        1.314e+00  null      null         null       null      null         null       1.0     57      0000        0.072539 321.670919 
