301.5643846 44.4568455 0.0345 0.0275 -0.0062  10.395 0.015     74.7   8.351e-01 10.418 0.018     59.9   6.697e-01 1  0  0000     AA      10         56798.35529948 3017143901351046039 10.425         0.023             10.436         0.020             10.591         0.123             9.423          null              385483733 10.763    0.0209       10.551    0.0188       10.499    0.0201       0.044221 296.581350 
 301.5643661 44.4568475 0.0356 0.0301 -0.0125  10.410 0.017     65.3   1.725e+00 10.376 0.023     47.9   1.061e+00 1  0  0000     AA      10         56973.70829978 3017143901351046039 10.425         0.023             10.436         0.020             10.591         0.123             9.423          null              385483733 10.763    0.0209       10.551    0.0188       10.499    0.0201       0.091177 287.221083 
 301.5643462 44.4568340 0.0355 0.0303 -0.0071  10.434 0.016     67.9   2.400e+00 10.436 0.019     56.1   1.078e+00 1  0  g000     AA      10         56973.97125272 3017143901351046039 10.425         0.023             10.436         0.020             10.591         0.123             9.423          null              385483733 10.763    0.0209       10.551    0.0188       10.499    0.0201       0.139907 261.119649 
 301.5643611 44.4568531 0.0325 0.0305 -0.0019  10.403 0.016     68.1   1.126e+00 10.448 0.018     60.6   8.064e-01 1  0  0000     AA      10         56974.69441061 3017143901351046039 10.425         0.023             10.436         0.020             10.591         0.123             9.423          null              385483733 10.763    0.0209       10.551    0.0188       10.499    0.0201       0.110521 295.257978 
 301.5643658 44.4568356 0.0347 0.0302 0.0054   10.402 0.015     70.2   1.438e+00 10.455 0.019     57.3   1.205e+00 1  0  0000     AA      10         56975.08890389 3017143901351046039 10.425         0.023             10.436         0.020             10.591         0.123             9.423          null              385483733 10.763    0.0209       10.551    0.0188       10.499    0.0201       0.089293 259.782441 
 301.5643402 44.4568485 0.0325 0.0291 -0.0028  10.409 0.014     75.9   3.162e+01 10.521 0.018     59.7   1.144e+01 1  0  0000     AA      0          56792.69615405 3017143901351046039 10.425         0.023             10.436         0.020             10.591         0.123             9.423          null              385483733 10.763    0.0209       10.551    0.0188       10.499    0.0201       0.156693 281.262465 
 301.5643369 44.4568507 0.0336 0.0316 -0.0070  10.409 0.017     65.0   1.486e+00 10.458 0.020     55.4   1.580e+00 1  0  0000     AA      10         56793.15686272 3017143901351046039 10.425         0.023             10.436         0.020             10.591         0.123             9.423          null              385483733 10.763    0.0209       10.551    0.0188       10.499    0.0201       0.166655 283.364024 
 301.5643564 44.4568285 0.0325 0.0290 0.0098   10.408 0.015     71.3   1.168e+00 10.427 0.018     60.7   1.011e+00 1  0  0000     AA      10         56792.82782133 3017143901351046039 10.425         0.023             10.436         0.020             10.591         0.123             9.423          null              385483733 10.763    0.0209       10.551    0.0188       10.499    0.0201       0.119436 249.719304 
 301.5643887 44.4568505 0.0299 0.0265 -0.0099  10.429 0.015     74.1   5.092e+00 10.506 0.016     68.9   4.008e+00 1  0  0000     AA      10         56793.88065051 3017143901351046039 10.425         0.023             10.436         0.020             10.591         0.123             9.423          null              385483733 10.763    0.0209       10.551    0.0188       10.499    0.0201       0.047616 322.469930 
 301.5643516 44.4568536 0.0316 0.0294 -0.0089  10.409 0.015     72.1   1.427e+00 10.441 0.017     62.7   6.045e-01 1  0  0000     AA      10         56792.36712032 3017143901351046039 10.425         0.023             10.436         0.020             10.591         0.123             9.423          null              385483733 10.763    0.0209       10.551    0.0188       10.499    0.0201       0.133657 291.487998 
 301.5643646 44.4568529 0.0386 0.0322 0.0033   10.443 0.020     53.5   1.170e+00 10.449 0.019     56.1   7.696e-01 1  0  0000     AA      10         56793.74911059 3017143901351046039 10.425         0.023             10.436         0.020             10.591         0.123             9.423          null              385483733 10.763    0.0209       10.551    0.0188       10.499    0.0201       0.102124 297.045791 
 301.5643865 44.4568605 0.0356 0.0298 -0.0067  10.415 0.016     67.8   2.550e+00 10.455 0.020     55.1   1.826e+00 1  0  0000     AA      10         56793.61744331 3017143901351046039 10.425         0.023             10.436         0.020             10.591         0.123             9.423          null              385483733 10.763    0.0209       10.551    0.0188       10.499    0.0201       0.081551 334.824181 
 301.5643906 44.4568541 0.0403 0.0338 0.0091   10.447 0.020     55.6   1.496e+00 10.471 0.020     54.3   1.188e+00 1  0  0000     AA      10         57334.55272885 3017143901351046039 10.425         0.023             10.436         0.020             10.591         0.123             9.423          null              385483733 10.763    0.0209       10.551    0.0188       10.499    0.0201       0.056256 334.552464 
 301.5643868 44.4568583 0.0356 0.0306 -0.0071  10.420 0.016     70.0   7.657e-01 10.456 0.018     60.3   1.171e+00 1  0  g000     AA      10         57157.24216633 3017143901351046039 10.425         0.023             10.436         0.020             10.591         0.123             9.423          null              385483733 10.763    0.0209       10.551    0.0188       10.499    0.0201       0.074086 332.758043 
 301.5643443 44.4568407 0.0323 0.0283 -0.0045  10.415 0.015     70.5   1.549e+00 10.410 0.018     60.7   4.214e-01 1  0  0000     AA      10         57157.96404530 3017143901351046039 10.425         0.023             10.436         0.020             10.591         0.123             9.423          null              385483733 10.763    0.0209       10.551    0.0188       10.499    0.0201       0.143145 271.008709 
 301.5643451 44.4568384 0.0360 0.0304 -0.0055  10.394 0.015     72.2   1.481e+00 10.454 0.019     57.4   8.415e-01 1  0  0000     AA      10         57156.91401662 3017143901351046039 10.425         0.023             10.436         0.020             10.591         0.123             9.423          null              385483733 10.763    0.0209       10.551    0.0188       10.499    0.0201       0.141184 267.661905 
 301.5643822 44.4568349 0.0364 0.0330 -0.0071  10.439 0.015     71.0   1.764e+00 10.466 0.024     44.5   1.065e+00 1  0  0000     AA      10         57157.43903062 3017143901351046039 10.425         0.023             10.436         0.020             10.591         0.123             9.423          null              385483733 10.763    0.0209       10.551    0.0188       10.499    0.0201       0.049273 248.129047 
 301.5643782 44.4568489 0.0320 0.0324 -0.0081  10.429 0.017     64.9   1.261e+00 10.439 0.018     59.0   7.644e-01 1  0  0000     AA      10         57157.50460968 3017143901351046039 10.425         0.023             10.436         0.020             10.591         0.123             9.423          null              385483733 10.763    0.0209       10.551    0.0188       10.499    0.0201       0.064545 299.768098 
 301.5643996 44.4567689 0.0325 0.0318 -0.0116  10.502 0.016     68.4   5.462e+00 10.483 0.021     52.4   1.313e+00 1  0  g000     AA      10         57158.29219497 3017143901351046039 10.425         0.023             10.436         0.020             10.591         0.123             9.423          null              385483733 10.763    0.0209       10.551    0.0188       10.499    0.0201       0.255958 180.230078 
 301.5643424 44.4568533 0.0366 0.0318 -0.0056  10.413 0.017     63.8   1.024e+00 10.435 0.021     52.8   1.516e+00 1  0  0000     AA      10         57332.91312280 3017143901351046039 10.425         0.023             10.436         0.020             10.591         0.123             9.423          null              385483733 10.763    0.0209       10.551    0.0188       10.499    0.0201       0.155573 287.926091 
 301.5642956 44.4568541 0.0360 0.0313 -0.0102  10.358 0.019     57.0   1.422e+00 10.428 0.019     58.5   1.490e+00 1  0  0000     AA      10         57333.96238921 3017143901351046039 10.425         0.023             10.436         0.020             10.591         0.123             9.423          null              385483733 10.763    0.0209       10.551    0.0188       10.499    0.0201       0.273031 280.714583 
 301.5643636 44.4568607 0.0394 0.0317 -0.0145  10.432 0.018     59.6   1.609e+00 10.436 0.019     56.3   8.974e-01 1  0  0000     AA      10         57333.04428112 3017143901351046039 10.425         0.023             10.436         0.020             10.591         0.123             9.423          null              385483733 10.763    0.0209       10.551    0.0188       10.499    0.0201       0.119594 308.545047 
 301.5643620 44.4568369 0.0344 0.0325 0.0094   10.388 0.018     59.3   2.002e+00 10.444 0.020     54.5   7.245e-01 1  0  0000     AA      10         57334.15925402 3017143901351046039 10.425         0.023             10.436         0.020             10.591         0.123             9.423          null              385483733 10.763    0.0209       10.551    0.0188       10.499    0.0201       0.098259 263.479872 
 301.5643599 44.4568400 0.0330 0.0310 -0.0105  10.430 0.017     65.7   1.434e+00 10.456 0.019     56.4   1.058e+00 1  0  g000     AA      10         57332.78196449 3017143901351046039 10.425         0.023             10.436         0.020             10.591         0.123             9.423          null              385483733 10.763    0.0209       10.551    0.0188       10.499    0.0201       0.103045 270.000014 
 301.5643630 44.4568582 0.0380 0.0324 -0.0056  10.438 0.017     62.3   2.418e+00 10.437 0.019     56.1   1.015e+00 1  0  0000     AA      10         57333.37217683 3017143901351046039 10.425         0.023             10.436         0.020             10.591         0.123             9.423          null              385483733 10.763    0.0209       10.551    0.0188       10.499    0.0201       0.115454 304.572230 
 301.5643404 44.4568722 0.0366 0.0323 -0.0100  10.419 0.018     61.5   1.200e+00 10.438 0.019     55.8   1.214e+00 1  0  0000     AA      10         57692.16732500 3017143901351046039 10.425         0.023             10.436         0.020             10.591         0.123             9.423          null              385483733 10.763    0.0209       10.551    0.0188       10.499    0.0201       0.192068 307.122603 
 301.5643765 44.4568332 0.0377 0.0345 0.0105   10.430 0.019     57.1   4.771e+00 10.443 0.019     57.1   2.539e+00 1  0  0000     AA      10         57692.36380823 3017143901351046039 10.425         0.023             10.436         0.020             10.591         0.123             9.423          null              385483733 10.763    0.0209       10.551    0.0188       10.499    0.0201       0.065128 247.932651 
 301.5643595 44.4568435 0.0369 0.0309 -0.0114  10.418 0.017     62.7   1.717e+00 10.424 0.018     60.6   7.510e-01 1  0  0000     AA      10         57692.62587075 3017143901351046039 10.425         0.023             10.436         0.020             10.591         0.123             9.423          null              385483733 10.763    0.0209       10.551    0.0188       10.499    0.0201       0.104818 276.903424 
 301.5643663 44.4568470 0.0329 0.0354 -0.0121  10.460 0.021     52.6   2.094e+00 10.451 0.021     51.9   9.161e-01 1  0  0000     AA      10         57693.01896111 3017143901351046039 10.425         0.023             10.436         0.020             10.591         0.123             9.423          null              385483733 10.763    0.0209       10.551    0.0188       10.499    0.0201       0.090188 286.225428 
 301.5643835 44.4568445 0.0351 0.0293 -0.0022  10.424 0.017     64.9   1.912e+00 10.471 0.018     60.2   1.285e+00 1  0  0000     AA      10         57693.21544424 3017143901351046039 10.425         0.023             10.436         0.020             10.591         0.123             9.423          null              385483733 10.763    0.0209       10.551    0.0188       10.499    0.0201       0.045381 290.911346 
 301.5643424 44.4568544 0.0357 0.0307 -0.0113  10.426 0.016     67.5   9.585e-01 10.427 0.019     57.8   1.129e+00 1  0  0000     AA      10         57520.86173464 3017143901351046039 10.425         0.023             10.436         0.020             10.591         0.123             9.423          null              385483733 10.763    0.0209       10.551    0.0188       10.499    0.0201       0.156813 289.302769 
 301.5643330 44.4568308 0.0334 0.0294 0.0020   10.435 0.016     69.5   2.169e+00 10.462 0.018     61.8   9.415e-01 1  0  0000     AA      10         57521.25495442 3017143901351046039 10.425         0.023             10.436         0.020             10.591         0.123             9.423          null              385483733 10.763    0.0209       10.551    0.0188       10.499    0.0201       0.175329 259.110752 
 301.5643463 44.4568342 0.0335 0.0310 0.0092   10.425 0.016     69.8   1.835e+00 10.473 0.018     61.3   1.743e+00 1  0  gg00     AA      10         57521.38598521 3017143901351046039 10.425         0.023             10.436         0.020             10.591         0.123             9.423          null              385483733 10.763    0.0209       10.551    0.0188       10.499    0.0201       0.139569 261.395417 
 301.5643672 44.4568514 0.0347 0.0317 -0.0084  10.431 0.017     65.2   2.214e+00 10.436 0.018     59.2   5.730e-01 1  0  0000     AA      10         57521.45143694 3017143901351046039 10.425         0.023             10.436         0.020             10.591         0.123             9.423          null              385483733 10.763    0.0209       10.551    0.0188       10.499    0.0201       0.093732 295.962915 
 301.5643704 44.4568502 0.0360 0.0327 -0.0065  10.431 0.016     66.7   1.698e+00 10.466 0.023     47.5   9.621e-01 1  0  gg00     AA      10         57521.97568748 3017143901351046039 10.425         0.023             10.436         0.020             10.591         0.123             9.423          null              385483733 10.763    0.0209       10.551    0.0188       10.499    0.0201       0.084454 295.770121 
 301.5643544 44.4568586 0.0367 0.0336 -0.0050  10.391 0.017     62.4   4.397e+00 10.457 0.021     52.9   1.600e+00 1  0  0000     AA      10         57522.04113921 3017143901351046039 10.425         0.023             10.436         0.020             10.591         0.123             9.423          null              385483733 10.763    0.0209       10.551    0.0188       10.499    0.0201       0.134958 299.746200 
 301.5643432 44.4568341 0.0374 0.0335 -0.0106  10.445 0.019     57.8   1.855e+00 10.435 0.020     54.8   1.350e+00 1  0  0000     AA      10         57522.49981116 3017143901351046039 10.425         0.023             10.436         0.020             10.591         0.123             9.423          null              385483733 10.763    0.0209       10.551    0.0188       10.499    0.0201       0.147500 261.720122 
 301.5643679 44.4568421 0.0388 0.0353 -0.0073  10.414 0.020     55.7   1.174e+00 10.422 0.019     55.9   9.709e-01 1  0  0000     AA      10         57522.63084194 3017143901351046039 10.425         0.023             10.436         0.020             10.591         0.123             9.423          null              385483733 10.763    0.0209       10.551    0.0188       10.499    0.0201       0.082816 275.236762 
 301.5643416 44.4568562 0.0326 0.0294 -0.0136  10.431 0.017     64.5   1.185e+00 10.428 0.019     58.4   2.011e+00 1  0  0000     AA      10         56973.57675961 3017143901351046039 10.425         0.023             10.436         0.020             10.591         0.123             9.423          null              385483733 10.763    0.0209       10.551    0.0188       10.499    0.0201       0.161004 291.237756 
 301.5643565 44.4568342 0.0319 0.0289 -0.0018  10.414 0.015     70.7   7.070e-01 10.461 0.017     62.4   1.198e+00 1  0  0000     AA      10         56974.23420571 3017143901351046039 10.425         0.023             10.436         0.020             10.591         0.123             9.423          null              385483733 10.763    0.0209       10.551    0.0188       10.499    0.0201       0.113723 259.419144 
 301.5643939 44.4568473 0.0356 0.0275 -0.0070  10.425 0.015     73.6   1.432e+00 10.428 0.018     58.8   7.994e-01 1  0  0000     AA      10         56975.35185708 3017143901351046039 10.425         0.023             10.436         0.020             10.591         0.123             9.423          null              385483733 10.763    0.0209       10.551    0.0188       10.499    0.0201       0.030582 329.186259 
 301.5643698 44.4568667 0.0340 0.0338 0.0038   10.431 0.018     59.9   1.371e+00 10.439 0.020     54.8   1.457e+00 1  0  0000     AA      10         56974.36574645 3017143901351046039 10.425         0.023             10.436         0.020             10.591         0.123             9.423          null              385483733 10.763    0.0209       10.551    0.0188       10.499    0.0201       0.123518 321.084530 
 301.5643707 44.4568388 0.0321 0.0284 -0.0087  10.426 0.015     70.9   3.870e+00 10.435 0.019     57.6   1.565e+00 1  0  0000     AA      10         56974.03695914 3017143901351046039 10.425         0.023             10.436         0.020             10.591         0.123             9.423          null              385483733 10.763    0.0209       10.551    0.0188       10.499    0.0201       0.075413 266.716057 
 301.5644181 44.4568673 0.0336 0.0312 0.0024   10.432 0.017     63.1   1.435e+00 10.415 0.020     54.2   1.960e+00 1  0  0000     AA      10         56974.82595083 3017143901351046039 10.425         0.023             10.436         0.020             10.591         0.123             9.423          null              385483733 10.763    0.0209       10.551    0.0188       10.499    0.0201       0.108711 25.325261  
 301.5643608 44.4568443 0.0315 0.0302 -0.0108  10.430 0.016     70.0   1.939e+00 10.456 0.017     62.3   1.162e+00 1  0  0000     AA      10         56793.28840259 3017143901351046039 10.425         0.023             10.436         0.020             10.591         0.123             9.423          null              385483733 10.763    0.0209       10.551    0.0188       10.499    0.0201       0.101893 278.736911 
 301.5643644 44.4568482 0.0327 0.0296 -0.0045  10.409 0.015     71.6   8.932e-01 10.411 0.018     59.3   9.844e-01 1  0  g000     AA      10         56792.76198772 3017143901351046039 10.425         0.023             10.436         0.020             10.591         0.123             9.423          null              385483733 10.763    0.0209       10.551    0.0188       10.499    0.0201       0.096120 287.884965 
 301.5643526 44.4568426 0.0371 0.0337 -0.0111  10.408 0.019     57.8   1.749e+00 10.479 0.021     52.1   2.509e+00 1  0  0000     AA      10         56793.48590344 3017143901351046039 10.425         0.023             10.436         0.020             10.591         0.123             9.423          null              385483733 10.763    0.0209       10.551    0.0188       10.499    0.0201       0.122173 274.394437 
 301.5643777 44.4568333 0.0328 0.0292 0.0023   10.428 0.016     69.4   1.079e+00 10.422 0.018     61.1   1.157e+00 1  0  0000     AA      10         56792.10391289 3017143901351046039 10.425         0.023             10.436         0.020             10.591         0.123             9.423          null              385483733 10.763    0.0209       10.551    0.0188       10.499    0.0201       0.062159 247.172476 
 301.5643706 44.4568321 0.0306 0.0272 0.0093   10.411 0.015     73.6   4.083e+00 10.425 0.016     65.8   7.657e-01 1  0  0000     AA      10         56792.56461418 3017143901351046039 10.425         0.023             10.436         0.020             10.591         0.123             9.423          null              385483733 10.763    0.0209       10.551    0.0188       10.499    0.0201       0.080736 249.370766 
 301.5644024 44.4568453 0.0343 0.0282 0.0019   10.417 0.015     73.6   8.181e-01 10.425 0.019     58.6   8.244e-01 1  0  0000     AA      10         56792.23558027 3017143901351046039 10.425         0.023             10.436         0.020             10.591         0.123             9.423          null              385483733 10.763    0.0209       10.551    0.0188       10.499    0.0201       0.020155 17.911886  
 301.5642736 44.4567803 0.0341 0.0328 -0.0095  10.395 0.017     65.3   4.111e+00 10.474 0.020     55.6   3.639e+00 1  0  0000     AA      0          57157.83275995 3017143901351046039 10.425         0.023             10.436         0.020             10.591         0.123             9.423          null              385483733 10.763    0.0209       10.551    0.0188       10.499    0.0201       0.389461 236.507280 
 301.5643522 44.4568431 0.0353 0.0312 -0.0091  10.427 0.015     71.3   8.296e-01 10.453 0.022     49.1   1.191e+00 1  0  0000     AA      10         57157.63589493 3017143901351046039 10.425         0.023             10.436         0.020             10.591         0.123             9.423          null              385483733 10.763    0.0209       10.551    0.0188       10.499    0.0201       0.123327 275.191630 
 301.5643766 44.4568459 0.0341 0.0284 0.0011   10.426 0.015     70.2   1.412e+00 10.421 0.018     62.0   6.558e-01 1  0  0000     AA      10         57157.37345163 3017143901351046039 10.425         0.023             10.436         0.020             10.591         0.123             9.423          null              385483733 10.763    0.0209       10.551    0.0188       10.499    0.0201       0.063735 289.455391 
 301.5643759 44.4568497 0.0332 0.0277 -0.0050  10.421 0.014     75.3   5.448e-01 10.440 0.018     60.3   8.713e-01 1  0  0000     AA      10         57157.04530203 3017143901351046039 10.425         0.023             10.436         0.020             10.591         0.123             9.423          null              385483733 10.763    0.0209       10.551    0.0188       10.499    0.0201       0.071092 299.418058 
 301.5643393 44.4568284 0.0374 0.0362 0.0073   10.428 0.018     59.5   4.576e+00 10.477 0.020     54.7   1.755e+00 1  0  0000     AA      10         57158.55463831 3017143901351046039 10.425         0.023             10.436         0.020             10.591         0.123             9.423          null              385483733 10.763    0.0209       10.551    0.0188       10.499    0.0201       0.161473 255.011445 
 301.5643458 44.4568413 0.0322 0.0293 -0.0077  10.414 0.016     68.0   2.675e+00 10.437 0.019     56.8   1.087e+00 1  0  gg00     AA      10         57158.09533071 3017143901351046039 10.425         0.023             10.436         0.020             10.591         0.123             9.423          null              385483733 10.763    0.0209       10.551    0.0188       10.499    0.0201       0.139366 271.924617 
 301.5643305 44.4568384 0.0308 0.0288 0.0098   10.411 0.016     69.9   2.141e+00 10.425 0.017     65.0   1.403e+00 1  0  0000     AA      10         57334.29041223 3017143901351046039 10.425         0.023             10.436         0.020             10.591         0.123             9.423          null              385483733 10.763    0.0209       10.551    0.0188       10.499    0.0201       0.178691 268.152696 
 301.5643374 44.4568418 0.0349 0.0326 -0.0108  10.435 0.017     64.7   8.939e-01 10.477 0.020     54.1   1.176e+00 1  0  0000     AA      10         57333.30659770 3017143901351046039 10.425         0.023             10.436         0.020             10.591         0.123             9.423          null              385483733 10.763    0.0209       10.551    0.0188       10.499    0.0201       0.160975 272.306890 
 301.5643512 44.4568439 0.0325 0.0304 -0.0093  10.401 0.016     68.0   1.109e+00 10.411 0.018     60.2   6.045e-01 1  0  0000     AA      10         57333.83123089 3017143901351046039 10.425         0.023             10.436         0.020             10.591         0.123             9.423          null              385483733 10.763    0.0209       10.551    0.0188       10.499    0.0201       0.126167 276.388520 
 301.5643706 44.4568524 0.0333 0.0341 -0.0087  10.413 0.017     63.6   1.995e+00 10.427 0.020     53.3   7.678e-01 1  0  0000     AA      10         57334.15912666 3017143901351046039 10.425         0.023             10.436         0.020             10.591         0.123             9.423          null              385483733 10.763    0.0209       10.551    0.0188       10.499    0.0201       0.087745 300.578684 
 301.5643274 44.4568144 0.0301 0.0311 0.0075   10.456 0.017     62.2   1.293e+00 10.441 0.017     62.3   7.820e-01 1  0  0000     AA      10         57333.96251653 3017143901351046039 10.425         0.023             10.436         0.020             10.591         0.123             9.423          null              385483733 10.763    0.0209       10.551    0.0188       10.499    0.0201       0.208075 243.709972 
 301.5643658 44.4568740 0.0336 0.0335 -0.0127  10.373 0.017     62.3   8.461e+00 10.455 0.019     57.5   1.739e+00 1  0  0000     AA      5          57334.02796839 3017143901351046039 10.425         0.023             10.436         0.020             10.591         0.123             9.423          null              385483733 10.763    0.0209       10.551    0.0188       10.499    0.0201       0.150668 324.322545 
 301.5642750 44.4568329 0.0354 0.0321 -0.0072  10.447 0.016     68.1   1.739e+01 10.609 0.026     42.4   4.978e+00 1  0  g000     AA      0          57692.75690209 3017143901351046039 10.425         0.023             10.436         0.020             10.591         0.123             9.423          null              385483733 10.763    0.0209       10.551    0.0188       10.499    0.0201       0.322214 265.450232 
 301.5643408 44.4568531 0.0321 0.0293 -0.0073  10.404 0.015     71.8   1.659e+00 10.433 0.018     61.3   8.094e-01 1  0  0000     AA      10         57693.28089617 3017143901351046039 10.425         0.023             10.436         0.020             10.591         0.123             9.423          null              385483733 10.763    0.0209       10.551    0.0188       10.499    0.0201       0.159264 287.224377 
 301.5643459 44.4568358 0.0355 0.0293 -0.0058  10.427 0.015     72.5   3.209e+00 10.436 0.018     58.7   1.168e+00 1  0  0000     AA      5          57692.95338531 3017143901351046039 10.425         0.023             10.436         0.020             10.591         0.123             9.423          null              385483733 10.763    0.0209       10.551    0.0188       10.499    0.0201       0.139840 263.792651 
 301.5643564 44.4568555 0.0320 0.0352 -0.0076  10.429 0.018     59.7   2.703e+00 10.442 0.018     60.5   1.487e+00 1  0  0000     AA      10         57693.01883378 3017143901351046039 10.425         0.023             10.436         0.020             10.591         0.123             9.423          null              385483733 10.763    0.0209       10.551    0.0188       10.499    0.0201       0.125152 296.476090 
 301.5646271 44.4570023 0.0372 0.0371 -0.0037  10.212 0.018     59.7   1.067e+02 10.550 0.021     52.6   1.330e+01 1  0  0000     AA      10         57692.03629370 3017143901351046039 10.425         0.023             10.436         0.020             10.591         0.123             9.423          null              385483733 10.763    0.0209       10.551    0.0188       10.499    0.0201       0.825783 44.964386  
 301.5643423 44.4568352 0.0339 0.0325 -0.0040  10.393 0.017     64.7   1.840e+00 10.426 0.019     57.7   7.223e-01 1  0  0000     AA      10         57700.81384698 3017143901351046039 10.425         0.023             10.436         0.020             10.591         0.123             9.423          null              385483733 10.763    0.0209       10.551    0.0188       10.499    0.0201       0.149283 263.352344 
 301.5643566 44.4568496 0.0357 0.0329 -0.0087  10.444 0.019     57.9   1.671e+00 10.439 0.018     60.3   1.257e+00 1  0  0000     AA      10         57521.12392363 3017143901351046039 10.425         0.023             10.436         0.020             10.591         0.123             9.423          null              385483733 10.763    0.0209       10.551    0.0188       10.499    0.0201       0.116756 287.218100 
 301.5643765 44.4568455 0.0346 0.0291 -0.0095  10.402 0.017     64.6   8.838e-01 10.413 0.017     63.3   7.056e-01 1  0  0000     AA      10         57521.32040616 3017143901351046039 10.425         0.023             10.436         0.020             10.591         0.123             9.423          null              385483733 10.763    0.0209       10.551    0.0188       10.499    0.0201       0.063512 288.153940 
 301.5643405 44.4568367 0.0385 0.0333 -0.0091  10.497 0.019     58.5   2.240e+00 10.440 0.019     56.3   6.799e-01 1  0  0000     AA      10         57521.77907758 3017143901351046039 10.425         0.023             10.436         0.020             10.591         0.123             9.423          null              385483733 10.763    0.0209       10.551    0.0188       10.499    0.0201       0.153341 265.556937 
 301.5643671 44.4568376 0.0334 0.0302 0.0027   10.406 0.015     70.5   2.330e+00 10.457 0.019     56.7   1.461e+00 1  0  gg00     AA      10         57521.84465668 3017143901351046039 10.425         0.023             10.436         0.020             10.591         0.123             9.423          null              385483733 10.763    0.0209       10.551    0.0188       10.499    0.0201       0.084956 264.164628 
 301.5643754 44.4568536 0.0378 0.0323 -0.0068  10.448 0.019     56.1   1.112e+00 10.439 0.020     53.8   8.766e-01 1  0  0000     AA      10         57522.30332867 3017143901351046039 10.425         0.023             10.436         0.020             10.591         0.123             9.423          null              385483733 10.763    0.0209       10.551    0.0188       10.499    0.0201       0.079972 307.759013 
 301.5643576 44.4568188 0.0351 0.0310 -0.0097  10.398 0.016     66.1   1.091e+00 10.441 0.019     56.9   1.533e+00 1  0  0000     AA      10         57522.36878042 3017143901351046039 10.425         0.023             10.436         0.020             10.591         0.123             9.423          null              385483733 10.763    0.0209       10.551    0.0188       10.499    0.0201       0.133019 234.988866 
 301.5643380 44.4568431 0.0356 0.0320 0.0068   10.404 0.017     63.1   1.396e+00 10.401 0.021     52.4   8.077e-01 1  0  0000     AA      10         56974.43145282 3017143901351046039 10.425         0.023             10.436         0.020             10.591         0.123             9.423          null              385483733 10.763    0.0209       10.551    0.0188       10.499    0.0201       0.159708 274.007032 
 301.5643365 44.4568568 0.0329 0.0293 -0.0042  10.400 0.017     65.5   2.531e+00 10.412 0.018     58.7   9.952e-01 1  0  0000     AA      10         56975.22031681 3017143901351046039 10.425         0.023             10.436         0.020             10.591         0.123             9.423          null              385483733 10.763    0.0209       10.551    0.0188       10.499    0.0201       0.174031 290.337604 
 301.5643556 44.4568460 0.0323 0.0314 -0.0061  10.424 0.016     68.3   4.908e-01 10.439 0.019     57.3   1.013e+00 1  0  0000     AA      10         56974.76011706 3017143901351046039 10.425         0.023             10.436         0.020             10.591         0.123             9.423          null              385483733 10.763    0.0209       10.551    0.0188       10.499    0.0201       0.116107 280.720579 
 301.5643627 44.4568729 0.0342 0.0302 -0.0079  10.427 0.015     70.4   8.923e-01 10.439 0.019     58.3   8.949e-01 1  0  0000     AA      10         56974.49715920 3017143901351046039 10.425         0.023             10.436         0.020             10.591         0.123             9.423          null              385483733 10.763    0.0209       10.551    0.0188       10.499    0.0201       0.152352 321.018923 
 301.5643586 44.4568487 0.0353 0.0312 -0.0050  10.422 0.018     61.1   4.808e+00 10.431 0.017     63.7   1.488e+00 1  0  0000     AA      10         56974.29991270 3017143901351046039 10.425         0.023             10.436         0.020             10.591         0.123             9.423          null              385483733 10.763    0.0209       10.551    0.0188       10.499    0.0201       0.110905 286.405081 
 301.5643578 44.4568591 0.0367 0.0358 -0.0119  10.427 0.021     51.2   7.314e-01 10.471 0.020     55.3   1.324e+00 1  0  0000     AA      10         56974.56299779 3017143901351046039 10.425         0.023             10.436         0.020             10.591         0.123             9.423          null              385483733 10.763    0.0209       10.551    0.0188       10.499    0.0201       0.128393 302.378795 
 301.5643648 44.4568507 0.0334 0.0296 -0.0091  10.425 0.015     70.4   1.378e+00 10.445 0.018     59.5   1.208e+00 1  0  gg00     AA      10         56793.09102853 3017143901351046039 10.425         0.023             10.436         0.020             10.591         0.123             9.423          null              385483733 10.763    0.0209       10.551    0.0188       10.499    0.0201       0.098307 293.067751 
 301.5643875 44.4568416 0.0320 0.0338 0.0077   10.424 0.018     61.1   4.035e+00 10.450 0.018     60.3   1.066e+00 1  0  0000     AA      10         56793.22256892 3017143901351046039 10.425         0.023             10.436         0.020             10.591         0.123             9.423          null              385483733 10.763    0.0209       10.551    0.0188       10.499    0.0201       0.032673 280.166647 
 301.5643689 44.4568547 0.0327 0.0314 -0.0068  10.430 0.017     62.1   1.827e+00 10.421 0.018     59.1   1.790e+00 1  0  0000     AA      10         56793.42006983 3017143901351046039 10.425         0.023             10.436         0.020             10.591         0.123             9.423          null              385483733 10.763    0.0209       10.551    0.0188       10.499    0.0201       0.095825 303.512812 
 301.5643709 44.4568462 0.0378 0.0359 0.0020   10.470 0.019     56.2   1.776e+00 10.443 0.020     55.5   1.241e+00 1  0  0000     AA      10         56793.48577612 3017143901351046039 10.425         0.023             10.436         0.020             10.591         0.123             9.423          null              385483733 10.763    0.0209       10.551    0.0188       10.499    0.0201       0.078059 286.620052 
 301.5643558 44.4568456 0.0338 0.0321 -0.0084  10.403 0.016     67.1   7.695e-01 10.414 0.018     59.1   9.634e-01 1  0  0000     AA      10         56792.95936125 3017143901351046039 10.425         0.023             10.436         0.020             10.591         0.123             9.423          null              385483733 10.763    0.0209       10.551    0.0188       10.499    0.0201       0.115372 280.065278 
 301.5643552 44.4568244 0.0333 0.0275 -0.0066  10.406 0.015     74.6   8.232e-01 10.426 0.017     63.8   9.826e-01 1  0  0000     AA      10         56792.43295399 3017143901351046039 10.425         0.023             10.436         0.020             10.591         0.123             9.423          null              385483733 10.763    0.0209       10.551    0.0188       10.499    0.0201       0.128099 243.994742 
 301.5643414 44.4568573 0.0335 0.0334 -0.0042  10.409 0.018     58.8   2.544e+00 10.452 0.020     54.4   1.597e+00 1  0  0000     AA      10         57157.50473699 3017143901351046039 10.425         0.023             10.436         0.020             10.591         0.123             9.423          null              385483733 10.763    0.0209       10.551    0.0188       10.499    0.0201       0.162958 292.470228 
 301.5643132 44.4568278 0.0389 0.0343 -0.0110  10.422 0.017     62.3   1.379e+00 10.487 0.021     51.9   1.082e+00 1  0  0000     AA      10         57158.16090970 3017143901351046039 10.425         0.023             10.436         0.020             10.591         0.123             9.423          null              385483733 10.763    0.0209       10.551    0.0188       10.499    0.0201       0.227321 258.860208 
 301.5643716 44.4568639 0.0324 0.0324 -0.0058  10.425 0.017     65.6   1.288e+00 10.419 0.020     53.8   1.361e+00 1  0  0000     AA      10         57157.70160130 3017143901351046039 10.425         0.023             10.436         0.020             10.591         0.123             9.423          null              385483733 10.763    0.0209       10.551    0.0188       10.499    0.0201       0.112805 319.696352 
 301.5643595 44.4568671 0.0385 0.0327 -0.0057  10.413 0.019     56.1   1.258e+00 10.460 0.022     50.2   1.362e+00 1  0  0000     AA      10         57158.55476562 3017143901351046039 10.425         0.023             10.436         0.020             10.591         0.123             9.423          null              385483733 10.763    0.0209       10.551    0.0188       10.499    0.0201       0.142649 313.151074 
 301.5643523 44.4568489 0.0339 0.0308 -0.0018  10.413 0.017     64.1   2.223e+00 10.422 0.019     58.7   9.399e-01 1  0  0000     AA      10         57157.17658733 3017143901351046039 10.425         0.023             10.436         0.020             10.591         0.123             9.423          null              385483733 10.763    0.0209       10.551    0.0188       10.499    0.0201       0.126690 284.649432 
 301.5643603 44.4568479 0.0373 0.0315 -0.0074  10.408 0.018     61.2   9.365e-01 10.433 0.023     47.7   8.376e-01 1  0  gg00     AA      10         57157.89846631 3017143901351046039 10.425         0.023             10.436         0.020             10.591         0.123             9.423          null              385483733 10.763    0.0209       10.551    0.0188       10.499    0.0201       0.105894 285.577820 
 301.5643499 44.4568696 0.0399 0.0327 -0.0094  10.497 0.019     58.0   4.296e+00 10.430 0.018     58.7   1.291e+00 1  0  0000     AA      10         57334.09354752 3017143901351046039 10.425         0.023             10.436         0.020             10.591         0.123             9.423          null              385483733 10.763    0.0209       10.551    0.0188       10.499    0.0201       0.167108 309.615731 
 301.5643249 44.4568521 0.0369 0.0351 0.0070   10.439 0.020     53.7   1.976e+00 10.438 0.020     55.3   1.209e+00 1  0  0000     AA      10         57333.89681002 3017143901351046039 10.425         0.023             10.436         0.020             10.591         0.123             9.423          null              385483733 10.763    0.0209       10.551    0.0188       10.499    0.0201       0.197835 282.720013 
 301.5643389 44.4568422 0.0322 0.0296 -0.0065  10.423 0.016     68.9   2.691e+00 10.434 0.018     59.7   1.345e+00 1  0  0000     AA      10         57333.17543943 3017143901351046039 10.425         0.023             10.436         0.020             10.591         0.123             9.423          null              385483733 10.763    0.0209       10.551    0.0188       10.499    0.0201       0.157204 272.887859 
 301.5643098 44.4569168 0.0336 0.0328 -0.0121  10.316 0.017     64.7   3.685e+00 10.403 0.018     59.4   2.185e+00 1  0  0000     AA      10         57333.43775601 3017143901351046039 10.425         0.023             10.436         0.020             10.591         0.123             9.423          null              385483733 10.763    0.0209       10.551    0.0188       10.499    0.0201       0.360777 320.026352 
 301.5643872 44.4568424 0.0434 0.0365 0.0085   10.421 0.021     52.7   1.013e+00 10.509 0.023     47.8   1.044e+00 1  0  0000     AA      10         57334.09367488 3017143901351046039 10.425         0.023             10.436         0.020             10.591         0.123             9.423          null              385483733 10.763    0.0209       10.551    0.0188       10.499    0.0201       0.033949 284.718312 
 301.5643663 44.4568532 0.0310 0.0289 -0.0089  10.436 0.015     70.6   3.522e+00 10.479 0.018     59.1   8.427e-01 1  0  0000     AA      10         57333.24101852 3017143901351046039 10.425         0.023             10.436         0.020             10.591         0.123             9.423          null              385483733 10.763    0.0209       10.551    0.0188       10.499    0.0201       0.098786 298.756138 
 301.5643243 44.4568450 0.0365 0.0309 -0.0114  10.423 0.016     66.2   1.875e+00 10.447 0.020     53.4   1.460e+00 1  0  0000     AA      10         57692.42938752 3017143901351046039 10.425         0.023             10.436         0.020             10.591         0.123             9.423          null              385483733 10.763    0.0209       10.551    0.0188       10.499    0.0201       0.195360 275.286894 
 301.5642938 44.4568467 0.0344 0.0325 0.0061   10.477 0.018     60.9   1.381e+01 10.512 0.020     54.7   7.274e+00 1  0  0000     AA      5          57692.56041882 3017143901351046039 10.425         0.023             10.436         0.020             10.591         0.123             9.423          null              385483733 10.763    0.0209       10.551    0.0188       10.499    0.0201       0.273963 275.051097
